-0.348662 0.985754
-0.348398 0.984466
-0.563338 0.171680
-0.566331 0.152017
-0.558374 0.153357
-0.147893 1.099451
-0.148341 1.099025
-0.147276 1.099434
-0.106883 0.494380
-0.103075 0.500767
-0.627972 0.578116
-0.627001 0.577229
-0.529654 0.788386
-0.530959 0.788549
0.159357 1.152122
0.158767 1.151427
0.344814 1.124721
0.343953 1.123727
0.785154 0.823005
0.783860 0.822774
0.678117 0.848931
0.659787 0.856653
0.672816 0.842847
-0.658020 0.415997
-0.658772 0.415483
-0.358121 0.020929
-0.346342 0.026834
-0.378229 0.028608
-0.369583 0.015180
-0.144670 0.367258
-0.144177 0.374678
-0.081602 0.531089
-0.076842 0.536802
0.026467 0.650583
0.024446 0.668278
-0.066881 0.547844
-0.061687 0.553165
-0.039573 0.573039
-0.033729 0.577637
0.016932 0.608616
0.013961 0.626538
-0.547972 0.647819
-0.533842 0.661963
-0.646052 0.430549
-0.653131 0.437687
-0.656074 0.436838
-0.656840 0.436344
-0.635996 0.499893
-0.622217 0.507873
-0.640308 0.450009
-0.648435 0.458693
-0.571593 0.716105
-0.572908 0.716131
-0.543558 0.770384
-0.543654 0.769774
-0.543058 0.770746
-0.469915 0.871419
-0.469746 0.870523
-0.380903 0.960827
-0.381182 0.960276
-0.380315 0.961017
-0.365085 0.973684
-0.365082 0.972773
-0.330061 0.999644
-0.330941 0.999883
-0.165941 1.091247
-0.166741 1.091684
-0.048392 1.130138
-0.048782 1.129314
-0.046562 1.129846
-0.047283 1.130404
-0.025332 1.133399
-0.026140 1.134437
0.179684 1.150635
0.179049 1.149483
0.283562 1.138490
0.282782 1.137431
0.242868 1.145608
0.242209 1.144979
0.306647 1.132683
0.306331 1.133960
0.347268 1.122838
0.347020 1.124130
0.539226 1.045369
0.538614 1.045449
0.539601 1.044879
0.606857 0.999020
0.592591 1.009101
0.690179 0.931305
0.690253 0.932214
0.665646 0.916640
0.671936 0.903260
0.719512 0.881121
0.720314 0.867594
0.752281 0.842751
0.767612 0.838114
0.793638 0.797848
0.791451 0.795619
0.808913 0.788541
0.010260 0.605333
0.173074 0.651731
0.180906 0.650735
0.490659 0.093432
0.497310 0.102727
0.362160 0.100618
0.368667 0.106546
0.401496 0.243669
0.398567 0.236834
0.615750 0.123694
0.621566 0.136252
0.856877 0.454170
0.864691 0.456181
0.853959 0.472927
-0.533778 0.081553
-0.534179 0.061668
-0.526464 0.064035
-0.584461 0.302688
-0.590987 0.283899
-0.582919 0.283767
-0.659419 0.309141
-0.652652 0.327929
-0.655263 0.328451
-0.659073 0.329512
-0.657404 0.328978
-0.660995 0.330608
-0.660575 0.350985
-0.659392 0.350411
-0.657737 0.349833
-0.661521 0.352127
-0.656795 0.416476
-0.658199 0.413720
-0.657065 0.413055
-0.659163 0.371310
-0.588951 0.264814
-0.580882 0.264894
-0.576013 0.472936
-0.586745 0.456190
-0.578930 0.454178
-0.567821 0.190126
-0.571328 0.170548
-0.552932 0.135171
-0.554892 0.115378
-0.547016 0.117133
-0.458503 0.030098
-0.448717 0.034062
-0.409020 0.032410
-0.400463 0.018175
0.404690 0.094033
0.411355 0.101077
-0.313513 0.027139
-0.304851 0.015405
-0.225776 0.112194
-0.219370 0.102728
-0.210632 0.118717
-0.262819 0.082574
-0.255337 0.099423
-0.190745 0.148991
-0.174604 0.154920
-0.146092 0.209034
-0.132075 0.219968
-0.155373 0.189546
-0.142248 0.201621
-0.144969 0.359828
-0.137162 0.418694
-0.135325 0.425900
-0.133300 0.433055
-0.123349 0.461072
-0.120407 0.467902
-0.575155 0.595919
-0.568528 0.614529
-0.609958 0.558928
-0.598153 0.562949
-0.603419 0.543581
-0.608439 0.545605
-0.637479 0.470375
-0.627323 0.580305
-0.628166 0.579959
-0.649293 0.478713
-0.650551 0.478331
-0.650909 0.476076
-0.649830 0.475324
-0.646335 0.495930
-0.630301 0.489325
-0.648116 0.498005
-0.647987 0.497401
-0.647779 0.498523
-0.647393 0.496710
-0.633625 0.557962
-0.632631 0.557101
-0.621793 0.598115
-0.620846 0.597203
-0.622292 0.598878
-0.619785 0.600467
-0.621087 0.600286
-0.587921 0.595895
-0.599275 0.656062
-0.605748 0.639837
-0.582356 0.694283
-0.589669 0.678418
-0.607877 0.637593
-0.606978 0.636633
-0.613024 0.620244
-0.574270 0.715543
-0.574318 0.714928
-0.573800 0.715944
-0.564226 0.732634
-0.563460 0.731565
-0.564032 0.734478
-0.564513 0.734090
-0.564577 0.733476
-0.540845 0.770734
-0.542154 0.770862
-0.543347 0.768916
-0.532375 0.788107
-0.532487 0.787500
-0.531866 0.788456
-0.508638 0.822645
-0.508781 0.822045
-0.508111 0.822967
-0.520860 0.804927
-0.520599 0.804054
-0.481670 0.856185
-0.482582 0.856188
-0.455907 0.887762
-0.456113 0.887179
-0.455349 0.888027
-0.441781 0.901670
-0.441318 0.900440
-0.427058 0.918161
-0.427294 0.917591
-0.426488 0.918397
-0.441681 0.903150
-0.441902 0.902574
-0.441117 0.903401
-0.380824 0.958093
-0.393958 0.946574
-0.396509 0.944279
-0.409336 0.932420
-0.381156 0.959365
-0.379419 0.960848
-0.364784 0.971492
-0.331864 0.999213
-0.331909 0.998302
-0.331678 0.997008
-0.279759 1.033255
-0.279630 1.031947
-0.294404 1.022625
-0.295530 1.023304
-0.314832 1.010407
-0.314636 1.009107
-0.296396 1.023589
-0.297445 1.022061
-0.297282 1.020756
-0.297352 1.022968
-0.297003 1.023477
-0.279280 1.034659
-0.279642 1.034159
-0.278670 1.034755
-0.225001 1.062694
-0.240461 1.054560
-0.242985 1.055613
-0.243373 1.055133
-0.242371 1.055677
-0.206057 1.074180
-0.206267 1.073294
-0.184179 1.082165
-0.185184 1.083012
-0.185995 1.083429
-0.148620 1.098158
-0.148732 1.096848
-0.089200 1.118422
-0.089415 1.117125
-0.045728 1.128830
-0.065996 1.123729
-0.066857 1.124723
-0.069063 1.124133
-0.069311 1.122841
-0.028374 1.133962
-0.028689 1.132686
-0.047893 1.130501
-0.026847 1.135013
-0.008199 1.136807
0.095993 1.150516
0.095482 1.149304
0.015030 1.142006
0.014354 1.142618
0.056539 1.147410
0.055896 1.148057
0.074629 1.147893
0.057233 1.146294
0.098909 1.149483
0.098274 1.150635
0.096527 1.151255
0.116908 1.151367
0.116365 1.150170
0.138409 1.152381
0.137837 1.151671
0.158162 1.150259
0.262176 1.140927
0.244888 1.143433
0.243464 1.145769
0.243999 1.145459
0.241485 1.143881
0.305920 1.134774
0.305411 1.135124
0.304804 1.135011
0.265183 1.141647
0.264730 1.142438
0.284858 1.139212
0.284254 1.139084
0.285375 1.138875
0.286156 1.136805
0.285808 1.138073
0.323685 1.128829
0.304098 1.134435
0.303290 1.133398
0.326740 1.129311
0.326350 1.130135
0.346652 1.124964
0.367158 1.118420
0.366811 1.119263
0.365718 1.119587
0.364968 1.119068
0.405573 1.106668
0.404797 1.106190
0.387319 1.110881
0.387139 1.112184
0.384967 1.112890
0.384055 1.111942
0.403861 1.105266
0.426577 1.098154
0.426298 1.099022
0.424445 1.098973
0.423485 1.098074
0.443898 1.091244
0.442915 1.090371
0.444697 1.091681
0.463952 1.083425
0.463141 1.083009
0.482162 1.074273
0.481135 1.073452
0.500949 1.065042
0.499900 1.064248
0.502396 1.065367
0.501780 1.065415
0.502796 1.064897
0.502983 1.064005
0.521433 1.052918
0.521493 1.054232
0.521330 1.055129
0.539647 1.042667
0.539741 1.043978
0.589763 1.011046
0.575238 1.020751
0.536675 1.044383
0.592788 1.010401
0.592719 1.011311
0.592384 1.011829
0.591780 1.011957
0.653927 0.912244
0.674464 0.944272
0.674829 0.945535
0.690002 0.932778
0.689426 0.932999
0.616809 0.927450
0.620491 0.933117
0.586044 0.951669
0.582419 0.945449
0.609634 0.997002
0.609864 0.998297
0.543508 0.953911
0.547243 0.961064
0.646605 0.926679
0.578553 0.938863
0.559123 0.943115
0.574449 0.931914
0.702142 0.893833
0.703497 0.878785
0.689781 0.930052
0.703537 0.918293
0.702294 0.917862
0.704720 0.915435
0.705151 0.916678
0.704443 0.918390
0.731131 0.887605
0.719272 0.900433
0.719735 0.901663
0.719857 0.902567
0.747700 0.870516
0.747869 0.871411
0.747679 0.871999
0.747129 0.872279
0.746217 0.872252
0.736590 0.855573
0.752286 0.853227
0.736240 0.867575
0.773407 0.836771
0.782181 0.822269
0.779618 0.812547
0.773997 0.837947
0.774212 0.838833
0.761079 0.855887
0.760536 0.856181
0.761254 0.855294
0.732301 0.768968
0.738351 0.774308
0.721186 0.784357
0.832226 0.752366
0.820592 0.767800
0.838643 0.728732
0.836643 0.726975
0.851898 0.714088
0.840234 0.730259
0.788330 0.692462
0.772623 0.704665
0.781635 0.687957
0.798330 0.653863
0.805252 0.658011
0.790206 0.671019
0.697767 0.814235
0.703379 0.820033
0.685479 0.828704
0.064017 0.697498
0.071442 0.681524
0.110037 0.652273
0.116424 0.635267
0.123844 0.635760
0.131274 0.636059
0.141570 0.653654
0.149462 0.653482
0.219524 0.642707
0.227103 0.640499
0.359549 0.531081
0.364158 0.525246
0.406635 0.447187
0.409031 0.440148
0.413405 0.278863
0.411394 0.271704
0.419477 0.396818
0.420551 0.389460
0.422925 0.344952
0.422640 0.337521
0.377336 0.197644
0.373210 0.191458
0.388721 0.216822
0.385094 0.210331
0.320476 0.111321
0.326717 0.116154
0.329232 0.141216
0.323646 0.136308
0.347575 0.110838
0.334687 0.146268
0.341187 0.105460
0.518620 0.105759
0.533276 0.099421
0.512041 0.095906
0.601622 0.128154
0.560669 0.114927
0.575107 0.109541
0.863611 0.378570
0.862670 0.397529
-0.548457 0.097296
-0.540630 0.099257
-0.560852 0.133622
-0.571819 0.208683
-0.575838 0.189204
-0.575331 0.227339
-0.579857 0.207971
-0.578352 0.246080
-0.583384 0.226837
-0.586416 0.245789
-0.585507 0.321642
-0.592523 0.303031
-0.660271 0.330055
-0.660330 0.371915
-0.661285 0.351556
-0.655610 0.349249
-0.653014 0.348660
-0.655413 0.370050
-0.660995 0.373645
-0.660424 0.394021
-0.660217 0.393440
-0.660158 0.394578
-0.652110 0.390114
-0.654672 0.390839
-0.652833 0.369393
-0.661025 0.372505
-0.661247 0.373081
-0.659538 0.392832
-0.658387 0.392196
-0.659418 0.395112
-0.658862 0.414346
-0.659053 0.414933
-0.656960 0.435209
-0.656314 0.434567
-0.652337 0.458035
-0.653584 0.457621
-0.657136 0.435801
-0.653883 0.455357
-0.652785 0.454633
-0.655197 0.433872
-0.650844 0.410809
-0.654838 0.437285
-0.647836 0.409973
-0.581356 0.435351
-0.591197 0.418066
-0.583288 0.416466
-0.592673 0.398930
-0.584724 0.397538
-0.593647 0.379762
-0.585665 0.378578
-0.594120 0.360575
-0.586109 0.359600
-0.586057 0.340617
-0.593558 0.322196
-0.594090 0.341381
-0.541551 0.079388
-0.526345 0.044146
-0.518695 0.046715
-0.510646 0.049438
-0.467921 0.026292
-0.502500 0.032537
-0.494133 0.035631
-0.485379 0.038883
-0.476242 0.042290
-0.389512 0.023313
-0.438567 0.038181
-0.430152 0.023170
-0.419760 0.027712
-0.337661 0.014242
-0.325736 0.020613
-0.282950 0.058540
-0.276790 0.076072
-0.292515 0.022406
-0.288198 0.040635
-0.240680 0.105761
-0.201080 0.134152
-0.153148 0.153193
-0.141710 0.166953
-0.169334 0.146779
-0.151016 0.181896
-0.146461 0.174364
-0.117520 0.230080
-0.135465 0.278866
-0.137289 0.286075
-0.120627 0.236836
-0.123555 0.243671
-0.126304 0.250580
-0.128872 0.257559
-0.131255 0.264603
-0.142679 0.315314
-0.143546 0.322700
-0.133453 0.271707
-0.138923 0.293329
-0.140367 0.300624
-0.141619 0.307954
-0.144219 0.330105
-0.144699 0.337526
-0.144983 0.344957
-0.145074 0.352392
-0.143490 0.382082
-0.142608 0.389466
-0.141534 0.396824
-0.140268 0.404151
-0.138811 0.411443
-0.131088 0.440155
-0.128691 0.447194
-0.126111 0.454168
-0.113992 0.481318
-0.110523 0.487895
-0.117287 0.474652
-0.099101 0.507052
-0.094964 0.513231
-0.086212 0.525254
-0.090667 0.519300
-0.071934 0.542388
-0.056355 0.558349
-0.050890 0.563392
-0.045295 0.568289
-0.027766 0.582081
-0.021690 0.586367
-0.015503 0.590492
-0.009210 0.594454
-0.002816 0.598250
0.003676 0.601877
0.021187 0.629716
0.018693 0.647536
-0.573945 0.714096
-0.573152 0.713048
-0.580878 0.697380
-0.527303 0.658020
-0.519067 0.675356
-0.541723 0.644245
-0.555477 0.629736
-0.535082 0.640474
-0.528054 0.636508
-0.520381 0.653872
-0.512256 0.671028
-0.568710 0.510190
-0.580304 0.494029
-0.572605 0.491611
-0.559467 0.547011
-0.571891 0.531479
-0.564330 0.528661
-0.576342 0.512809
-0.554126 0.565227
-0.566952 0.550025
-0.548310 0.583297
-0.561530 0.568436
-0.535270 0.618950
-0.549249 0.604802
-0.542024 0.601209
-0.542399 0.622731
-0.555628 0.586699
-0.562506 0.611462
-0.613248 0.525974
-0.619596 0.539682
-0.636931 0.540170
-0.628282 0.519988
-0.583772 0.475152
-0.589220 0.437157
-0.642719 0.479445
-0.643339 0.517245
-0.642301 0.516438
-0.654512 0.456016
-0.654363 0.457147
-0.654672 0.456612
-0.651520 0.476752
-0.651342 0.477878
-0.651665 0.477352
-0.646977 0.498955
-0.645709 0.499304
-0.643915 0.517952
-0.642864 0.519479
-0.643677 0.519068
-0.644027 0.518559
-0.637732 0.536833
-0.641587 0.519794
-0.633868 0.559799
-0.634244 0.559310
-0.634163 0.558698
-0.631742 0.560416
-0.633034 0.560168
-0.638215 0.539888
-0.639039 0.539498
-0.638748 0.537667
-0.639305 0.538389
-0.639403 0.538998
-0.628490 0.578865
-0.628555 0.579479
-0.626026 0.580520
-0.621939 0.599962
-0.622341 0.599493
-0.615572 0.618721
-0.615093 0.617945
-0.614331 0.620097
-0.615191 0.619796
-0.615605 0.619337
-0.614170 0.617009
-0.599391 0.577681
-0.587048 0.579734
-0.591065 0.675283
-0.597961 0.659233
-0.582193 0.697371
-0.583080 0.697161
-0.600148 0.657045
-0.583539 0.696748
-0.583571 0.696132
-0.583176 0.695310
-0.592329 0.677100
-0.591912 0.676289
-0.590983 0.678375
-0.591865 0.678142
-0.592313 0.677717
-0.599274 0.659155
-0.608334 0.638381
-0.600585 0.658463
-0.600585 0.657845
-0.600148 0.658899
-0.607926 0.639446
-0.608351 0.638998
-0.607058 0.639725
-0.561822 0.734581
-0.563136 0.734641
-0.553287 0.749823
-0.551570 0.752795
-0.552882 0.752889
-0.554353 0.751762
-0.554024 0.750912
-0.553783 0.752749
-0.554273 0.752374
-0.542639 0.767808
-0.531524 0.785508
-0.532203 0.786634
-0.519949 0.802911
-0.518005 0.805739
-0.519305 0.805936
-0.520732 0.805532
-0.520214 0.805867
-0.508543 0.821165
-0.507923 0.820005
-0.507200 0.823012
-0.494652 0.839766
-0.495564 0.839745
-0.505906 0.822781
-0.495454 0.836779
-0.483300 0.855302
-0.483108 0.854411
-0.469219 0.869318
-0.480390 0.855887
-0.483125 0.855894
-0.482550 0.853220
-0.493364 0.839501
-0.496043 0.837954
-0.496258 0.838840
-0.496099 0.839436
-0.466990 0.871927
-0.468263 0.872259
-0.469174 0.872285
-0.469724 0.872006
-0.455967 0.886279
-0.455472 0.885062
-0.454439 0.887976
-0.453176 0.887611
-0.425581 0.918299
-0.424339 0.917868
-0.440209 0.903327
-0.438955 0.902928
-0.426766 0.915442
-0.427196 0.916684
-0.411826 0.930058
-0.412298 0.932220
-0.412224 0.931311
-0.410567 0.932883
-0.411471 0.933005
-0.412047 0.932784
-0.396873 0.945542
-0.396924 0.946452
-0.396076 0.947215
-0.396658 0.947009
-0.395176 0.947069
-0.378214 0.960321
-0.364198 0.974402
-0.364790 0.974227
-0.362116 0.973651
-0.363307 0.974209
-0.348641 0.986666
-0.347736 0.987360
-0.348333 0.987201
-0.346851 0.987144
-0.345675 0.986555
-0.331542 0.999739
-0.328901 0.999024
-0.311807 1.011050
-0.312950 1.011700
-0.313824 1.011962
-0.314764 1.011316
-0.314428 1.011834
-0.277811 1.034448
-0.276704 1.033739
-0.261785 1.043983
-0.261691 1.042672
-0.261645 1.044884
-0.243477 1.052923
-0.258718 1.044387
-0.259807 1.045124
-0.260657 1.045454
-0.261270 1.045374
-0.243537 1.054237
-0.241530 1.055326
-0.225027 1.064009
-0.224840 1.064901
-0.223823 1.065419
-0.224439 1.065371
-0.222992 1.065045
-0.206276 1.071979
-0.221943 1.064252
-0.205644 1.074639
-0.205027 1.074671
-0.203178 1.073455
-0.204206 1.074276
-0.187270 1.082084
-0.187314 1.080770
-0.187037 1.082965
-0.186613 1.083413
-0.168128 1.089061
-0.168050 1.090374
-0.164958 1.090374
-0.167794 1.091248
-0.167358 1.091685
-0.146488 1.098976
-0.145528 1.098077
-0.129139 1.104124
-0.109362 1.110884
-0.125904 1.105269
-0.128232 1.106704
-0.128691 1.106290
-0.127616 1.106671
-0.128993 1.105430
-0.126840 1.106192
-0.109181 1.112187
-0.088854 1.119265
-0.108857 1.113039
-0.107773 1.113391
-0.108388 1.113440
-0.107010 1.112892
-0.106098 1.111944
-0.086124 1.118099
-0.087011 1.119070
-0.068694 1.124966
-0.087760 1.119589
-0.088374 1.119654
-0.067593 1.125261
-0.068205 1.125343
-0.049065 1.128029
-0.027962 1.134776
-0.027454 1.135126
-0.006900 1.139214
-0.007418 1.138877
-0.006296 1.139085
-0.007850 1.138075
-0.005605 1.138491
0.013227 1.142440
0.012774 1.141649
-0.004825 1.137432
0.012392 1.140391
0.013754 1.142763
0.015782 1.140927
0.054268 1.147172
0.053820 1.145936
0.036472 1.143882
0.035749 1.144980
0.033070 1.143435
0.033485 1.144682
0.035089 1.145609
0.033959 1.145461
0.034493 1.145770
0.055304 1.148233
0.054762 1.147938
0.075109 1.149117
0.075623 1.149870
0.076760 1.149959
0.076173 1.150150
0.077385 1.149296
0.078050 1.148161
0.137263 1.150488
0.097666 1.151314
0.097084 1.151521
0.117460 1.152092
0.119795 1.150259
0.119190 1.151426
0.118601 1.152122
0.118024 1.152343
0.140121 1.151671
0.139549 1.152381
0.138979 1.152617
0.160497 1.152091
0.159933 1.152343
0.161050 1.151366
0.161593 1.150169
0.140695 1.150487
0.221419 1.147410
0.220724 1.146293
0.182475 1.149303
0.181964 1.150515
0.180292 1.151314
0.181430 1.151254
0.180874 1.151520
0.199907 1.148161
0.203328 1.147891
0.202849 1.149116
0.200573 1.149295
0.201198 1.149958
0.202335 1.149869
0.201785 1.150150
0.222062 1.148056
0.223196 1.147937
0.222653 1.148232
0.223690 1.147171
0.224137 1.145934
0.244473 1.144681
0.262928 1.142005
0.263604 1.142617
0.264204 1.142761
0.265565 1.140389
0.324519 1.129845
0.325241 1.130402
0.325851 1.130499
0.327022 1.128027
0.345550 1.125259
0.346162 1.125340
0.364082 1.118097
0.366332 1.119652
0.367372 1.117122
0.385730 1.113388
0.386814 1.113036
0.386345 1.113437
0.406950 1.105427
0.406648 1.106287
0.406189 1.106701
0.407096 1.104120
0.425233 1.099431
0.425850 1.099447
0.426689 1.096844
0.465270 1.080765
0.465227 1.082080
0.445315 1.091682
0.445751 1.091245
0.446007 1.090370
0.462135 1.082162
0.446085 1.089057
0.464994 1.082961
0.464569 1.083409
0.484223 1.073289
0.484013 1.074176
0.482984 1.074667
0.483601 1.074636
0.484232 1.071974
0.502957 1.062690
0.519487 1.055322
0.518418 1.054556
0.520328 1.055673
0.520942 1.055609
0.557586 1.031941
0.557715 1.033250
0.537764 1.045120
0.554660 1.033735
0.556626 1.034750
0.555768 1.034444
0.557598 1.034154
0.557236 1.034654
0.574352 1.023584
0.573486 1.023299
0.575309 1.022962
0.574959 1.023472
0.575401 1.022056
0.572360 1.022620
0.590907 1.011695
0.608017 0.999639
0.608897 0.999878
0.609819 0.999207
0.609498 0.999734
0.624807 0.987139
0.623631 0.986550
0.625692 0.987354
0.626618 0.985749
0.626597 0.986660
0.626289 0.987195
0.658779 0.958087
0.659111 0.959359
0.658271 0.961011
0.657375 0.960842
0.658858 0.960821
0.659138 0.960270
0.656170 0.960316
0.671914 0.946569
0.674032 0.947209
0.673132 0.947064
0.674879 0.946446
0.674614 0.947003
0.688523 0.932877
0.687292 0.932414
0.705249 0.917584
0.705013 0.918154
0.716910 0.902922
0.719072 0.903394
0.718164 0.903320
0.635535 0.920313
0.604197 0.908329
0.608658 0.915053
0.589477 0.920316
0.601585 0.939761
0.642739 0.971486
0.643037 0.972767
0.640072 0.973646
0.626353 0.984461
0.643040 0.973678
0.642746 0.974221
0.642154 0.974396
0.641263 0.974204
0.563043 0.950168
0.566735 0.956853
0.593761 0.927155
0.632668 0.883219
0.637476 0.889700
0.618597 0.895960
0.623233 0.902565
0.690937 0.834647
0.651377 0.876466
0.646402 0.870113
0.664927 0.862874
0.684173 0.905683
0.686181 0.889119
0.689517 0.893382
0.719636 0.903143
0.733862 0.887755
0.733304 0.888020
0.734067 0.887173
0.733427 0.885054
0.733922 0.886273
0.732394 0.887970
0.744945 0.871921
0.747174 0.869311
0.760504 0.853213
0.761062 0.854403
0.759625 0.856178
0.758344 0.855880
0.773518 0.839738
0.772607 0.839759
0.774053 0.839429
0.771319 0.839494
0.764913 0.826528
0.785877 0.819997
0.786496 0.821157
0.786735 0.822037
0.786065 0.822960
0.795959 0.805732
0.786591 0.822638
0.806938 0.782466
0.809477 0.785500
0.810156 0.786626
0.810441 0.787492
0.821012 0.770739
0.809820 0.788449
0.810329 0.788099
0.821300 0.768908
0.821607 0.769766
0.821511 0.770376
0.817974 0.764834
0.816068 0.762974
0.831239 0.749815
0.831977 0.750904
0.805081 0.780558
0.797903 0.802903
0.798552 0.804046
0.798814 0.804920
0.798168 0.805860
0.797259 0.805929
0.798686 0.805524
0.743010 0.753294
0.749197 0.758474
0.763178 0.721131
0.769628 0.725980
0.753304 0.737344
0.759625 0.742361
0.779198 0.709344
0.828545 0.746918
0.826591 0.745109
0.842530 0.733468
0.830095 0.748487
0.832306 0.751754
0.841412 0.731557
0.842178 0.732626
0.813218 0.618941
0.820348 0.622721
0.806003 0.636499
0.849839 0.531469
0.837415 0.547002
0.842277 0.528652
0.827198 0.604792
0.819972 0.601200
0.832074 0.565218
0.839478 0.568427
0.826259 0.583288
0.833576 0.586690
0.813031 0.640465
0.797016 0.675347
0.715434 0.805099
0.709672 0.799449
0.727094 0.789853
0.055001 0.695418
0.196476 0.648131
0.204205 0.646525
0.047265 0.711015
0.032761 0.671167
0.031204 0.688714
0.038954 0.708795
0.040052 0.691419
0.080088 0.683179
0.087184 0.666844
0.095440 0.668092
0.133676 0.653618
0.263989 0.626529
0.261018 0.608607
0.211889 0.644716
0.256764 0.629708
0.188708 0.649535
0.165220 0.652520
0.157348 0.653105
0.102190 0.651413
0.274274 0.601869
0.280765 0.598241
0.267690 0.605325
0.249457 0.632696
0.234621 0.638093
0.242074 0.635492
0.287159 0.594445
0.293452 0.590483
0.299639 0.586358
0.305715 0.582072
0.311677 0.577628
0.317521 0.573030
0.323243 0.568281
0.328838 0.563383
0.401293 0.461065
0.404055 0.454161
0.372910 0.513223
0.377047 0.507044
0.368613 0.519292
0.349881 0.542380
0.354789 0.536794
0.339634 0.553157
0.344828 0.547835
0.334303 0.558341
0.381020 0.500759
0.384829 0.494372
0.388468 0.487888
0.391936 0.481310
0.411243 0.433048
0.415105 0.418688
0.416753 0.411437
0.395231 0.474644
0.398351 0.467894
0.413268 0.425893
0.422119 0.374672
0.422612 0.367252
0.421432 0.382076
0.422911 0.359822
0.423015 0.352387
0.418211 0.404145
0.422161 0.330101
0.421487 0.322695
0.406812 0.257557
0.404244 0.250578
0.409195 0.264601
0.415229 0.286072
0.420620 0.315310
0.416864 0.293326
0.419560 0.307950
0.418307 0.300620
0.392177 0.223406
0.395460 0.230078
0.381298 0.203937
0.359883 0.173575
0.355133 0.167854
0.368924 0.185381
0.364481 0.179419
0.350235 0.162258
0.345193 0.156793
0.340009 0.151462
0.317933 0.131547
0.312098 0.126939
0.306144 0.122484
0.383345 0.096806
0.389945 0.103290
0.447660 0.091630
0.454373 0.099800
0.426146 0.092307
0.432848 0.099913
0.469181 0.092006
0.475877 0.100739
0.581307 0.121040
0.539756 0.109829
0.554315 0.103970
0.595601 0.116120
0.654817 0.141745
0.660148 0.155320
0.635504 0.132242
0.641090 0.145315
0.673644 0.152180
0.678694 0.166245
0.691937 0.163522
0.696685 0.178062
0.709655 0.175745
0.726755 0.188819
0.730828 0.204261
0.846657 0.510181
0.854290 0.512800
0.844900 0.550016
0.858251 0.494020
0.850552 0.491602
0.861719 0.475143
0.867167 0.437149
0.859302 0.435342
0.861233 0.416458
0.869143 0.418058
0.870619 0.398922
0.846757 0.357543
0.855617 0.358584
0.855202 0.377341
0.837355 0.338180
0.846656 0.339013
0.714077 0.190744
0.743196 0.202712
0.758938 0.217391
0.762252 0.233666
0.746900 0.218579
0.773945 0.232822
0.788179 0.248968
0.790657 0.265998
0.776850 0.249485
0.815771 0.300947
0.825923 0.301300
0.836751 0.319903
0.827018 0.319300
0.814200 0.283248
0.801608 0.265790
0.803641 0.283166
