0.320763 0.175039
0.338362 0.169116
0.356228 0.164060
0.374321 0.159883
0.392596 0.156594
0.411009 0.154202
0.429518 0.152713
0.448077 0.152129
0.466643 0.152453
0.485171 0.153683
0.503616 0.155816
0.521935 0.158849
0.540085 0.162772
0.558020 0.167578
0.575700 0.173253
0.593081 0.179786
0.610123 0.187160
0.626784 0.195358
0.643024 0.204360
0.658806 0.214144
0.674090 0.224688
0.688842 0.235965
0.703025 0.247950
0.716605 0.260614
0.729551 0.273925
0.741831 0.287853
0.753415 0.302365
0.764278 0.317425
0.774391 0.332997
0.783732 0.349045
0.792277 0.365530
0.800007 0.382413
0.806904 0.399654
0.812949 0.417210
0.818130 0.435041
0.822434 0.453104
0.825850 0.471356
0.828370 0.489752
0.829989 0.508250
0.830702 0.526805
0.830508 0.545372
0.829408 0.563908
0.827403 0.582368
0.824498 0.600708
0.820702 0.618884
0.816022 0.636853
0.810469 0.654572
0.804058 0.671998
0.796803 0.689091
0.795457 0.689299
0.788722 0.705809
0.787757 0.706195
0.786406 0.706368
0.779834 0.722112
0.779241 0.722696
0.778266 0.723057
0.770160 0.737961
0.769929 0.738761
0.769321 0.739329
0.768337 0.739665
0.759723 0.753319
0.759844 0.754351
0.759592 0.755145
0.758969 0.755697
0.757977 0.756007
0.749008 0.769431
0.749102 0.770466
0.748829 0.771252
0.748192 0.771788
0.747192 0.772072
0.737875 0.785257
0.737942 0.786294
0.737649 0.787073
0.736998 0.787592
0.735991 0.787849
0.726332 0.800786
0.726371 0.801824
0.726058 0.802595
0.725394 0.803097
0.724380 0.803328
0.714386 0.816007
0.714398 0.817046
0.714065 0.817809
0.713388 0.818293
0.712368 0.818498
0.702046 0.830911
0.702030 0.831950
0.701678 0.832703
0.700988 0.833170
0.699964 0.833348
0.689320 0.845486
0.689277 0.846524
0.688904 0.847269
0.688203 0.847717
0.687174 0.847868
0.676217 0.859723
0.676147 0.860760
0.675754 0.861495
0.675042 0.861924
0.674009 0.862048
0.662745 0.873613
0.662648 0.874648
0.662237 0.875371
0.661513 0.875782
0.660478 0.875879
0.648914 0.887145
0.648790 0.888177
0.648360 0.888889
0.647626 0.889281
0.646589 0.889351
0.634734 0.900310
0.634583 0.901339
0.634135 0.902040
0.633390 0.902412
0.632352 0.902454
0.620215 0.913100
0.620037 0.914124
0.619570 0.914813
0.618816 0.915166
0.617777 0.915181
0.605365 0.925505
0.605160 0.926524
0.604676 0.927201
0.603913 0.927534
0.602873 0.927522
0.590196 0.937517
0.589965 0.938530
0.589462 0.939194
0.588691 0.939507
0.587652 0.939468
0.574717 0.949128
0.574460 0.950135
0.573940 0.950785
0.573161 0.951078
0.572123 0.951012
0.558940 0.960330
0.558656 0.961330
0.558120 0.961966
0.557333 0.962238
0.556298 0.962145
0.542875 0.971115
0.542565 0.972107
0.542012 0.972729
0.541219 0.972981
0.540187 0.972860
0.526533 0.981476
0.526197 0.982459
0.525629 0.983067
0.524829 0.983297
0.523800 0.983150
0.509926 0.991405
0.509565 0.992380
0.508980 0.992972
0.508175 0.993182
0.507150 0.993007
0.493064 1.000896
0.492678 1.001861
0.492078 1.002438
0.491267 1.002627
0.490247 1.002425
0.475960 1.009943
0.475548 1.010897
0.474934 1.011459
0.474118 1.011626
0.473104 1.011398
0.458625 1.018539
0.458188 1.019482
0.457559 1.020027
0.456739 1.020173
0.455731 1.019918
0.441071 1.026678
0.440609 1.027610
0.439966 1.028138
0.439143 1.028262
0.438142 1.027981
0.423309 1.034355
0.422824 1.035274
0.422167 1.035785
0.421341 1.035888
0.420348 1.035581
0.405353 1.041564
0.404844 1.042470
0.404174 1.042964
0.403345 1.043045
0.402360 1.042712
0.387214 1.048301
0.386681 1.049193
0.385999 1.049669
0.385168 1.049729
0.384192 1.049370
0.368905 1.054561
0.368349 1.055439
0.367654 1.055897
0.366823 1.055934
0.365857 1.055550
0.350439 1.060339
0.349860 1.061202
0.349153 1.061642
0.348321 1.061657
0.347365 1.061248
0.331828 1.065632
0.331226 1.066479
0.330508 1.066900
0.329676 1.066894
0.328731 1.066460
0.313084 1.070435
0.312461 1.071267
0.311732 1.071669
0.310900 1.071641
0.309967 1.071183
0.294221 1.074747
0.293576 1.075562
0.292837 1.075945
0.292006 1.075895
0.291086 1.075413
0.275252 1.078563
0.274586 1.079361
0.273837 1.079725
0.273008 1.079653
0.272100 1.079147
0.256189 1.081882
0.255502 1.082662
0.254744 1.083006
0.253917 1.082912
0.253023 1.082382
0.237046 1.084700
0.236339 1.085462
0.235572 1.085786
0.234748 1.085671
0.233868 1.085117
0.217836 1.087016
0.217109 1.087759
0.216334 1.088063
0.215513 1.087927
0.214648 1.087350
0.198571 1.088828
0.197826 1.089552
0.197043 1.089836
0.196226 1.089678
0.195376 1.089079
0.179266 1.090136
0.178502 1.090840
0.177712 1.091103
0.176899 1.090924
0.176065 1.090303
0.159933 1.090938
0.159151 1.091622
0.158354 1.091864
0.157547 1.091663
0.156729 1.091021
0.140586 1.091233
0.139786 1.091897
0.138984 1.092118
0.138181 1.091896
0.137381 1.091233
0.121238 1.091022
0.120421 1.091664
0.119613 1.091864
0.118817 1.091622
0.118034 1.090938
0.101902 1.090305
0.101068 1.090925
0.100255 1.091104
0.099466 1.090841
0.098701 1.090136
0.082591 1.089082
0.081742 1.089680
0.080924 1.089837
0.080142 1.089553
0.079396 1.088829
0.063319 1.087353
0.062454 1.087929
0.061633 1.088065
0.060858 1.087761
0.060131 1.087017
0.044099 1.085121
0.043219 1.085674
0.042395 1.085788
0.041628 1.085464
0.040921 1.084702
0.024944 1.082386
0.024050 1.082916
0.023223 1.083009
0.022465 1.082664
0.021778 1.081884
0.005867 1.079151
0.004959 1.079657
0.004130 1.079728
0.003381 1.079364
0.002715 1.078566
-0.013119 1.075417
-0.014040 1.075900
-0.014870 1.075949
-0.015609 1.075565
-0.016254 1.074750
-0.032000 1.071188
-0.032933 1.071646
-0.033765 1.071674
-0.034494 1.071271
-0.035117 1.070439
-0.050765 1.066466
-0.051709 1.066900
-0.052542 1.066905
-0.053259 1.066484
-0.053861 1.065636
-0.069399 1.061255
-0.070355 1.061663
-0.071187 1.061647
-0.071893 1.061207
-0.072472 1.060343
-0.087890 1.055557
-0.088857 1.055940
-0.089688 1.055902
-0.090383 1.055444
-0.090939 1.054566
-0.106227 1.049377
-0.107202 1.049735
-0.108032 1.049676
-0.108715 1.049199
-0.109248 1.048306
-0.124395 1.042720
-0.125379 1.043052
-0.126208 1.042971
-0.126877 1.042477
-0.127387 1.041570
-0.142382 1.035589
-0.143375 1.035895
-0.144201 1.035792
-0.144858 1.035281
-0.145343 1.034361
-0.160177 1.027990
-0.161177 1.028270
-0.162001 1.028145
-0.162644 1.027617
-0.163105 1.026685
-0.177766 1.019927
-0.178774 1.020181
-0.179594 1.020035
-0.180223 1.019490
-0.180659 1.018546
-0.195139 1.011407
-0.196153 1.011634
-0.196968 1.011467
-0.197583 1.010906
-0.197995 1.009951
-0.212283 1.002435
-0.213302 1.002636
-0.214113 1.002447
-0.214712 1.001870
-0.215099 1.000905
-0.229185 0.993017
-0.230210 0.993191
-0.231015 0.992982
-0.231600 0.992389
-0.231961 0.991414
-0.245836 0.983160
-0.246865 0.983308
-0.247664 0.983077
-0.248233 0.982469
-0.248568 0.981485
-0.262223 0.972871
-0.263255 0.972991
-0.264048 0.972740
-0.264601 0.972117
-0.264911 0.971125
-0.278334 0.962156
-0.279370 0.962249
-0.280156 0.961977
-0.280692 0.961340
-0.280976 0.960340
-0.294160 0.951023
-0.295198 0.951089
-0.295977 0.950797
-0.296496 0.950146
-0.296753 0.949138
-0.309689 0.939480
-0.310728 0.939519
-0.311499 0.939206
-0.312001 0.938542
-0.312232 0.937528
-0.324911 0.927534
-0.325950 0.927546
-0.326713 0.927212
-0.327197 0.926535
-0.327401 0.925516
-0.339814 0.915194
-0.340854 0.915178
-0.341607 0.914825
-0.342074 0.914136
-0.342251 0.913111
-0.354390 0.902467
-0.355428 0.902425
-0.356172 0.902052
-0.356621 0.901351
-0.356771 0.900322
-0.368627 0.889364
-0.369664 0.889294
-0.370398 0.888902
-0.370828 0.888189
-0.370952 0.887157
-0.382517 0.875893
-0.383551 0.875796
-0.384275 0.875385
-0.384686 0.874661
-0.384782 0.873626
-0.396048 0.862062
-0.397080 0.861938
-0.397793 0.861508
-0.398185 0.860774
-0.398254 0.859736
-0.409214 0.847882
-0.410242 0.847731
-0.410943 0.847283
-0.411316 0.846538
-0.411358 0.845499
-0.422004 0.833362
-0.423027 0.833185
-0.423717 0.832718
-0.424069 0.831964
-0.424085 0.830924
-0.434409 0.818513
-0.435428 0.818308
-0.436104 0.817824
-0.436437 0.817061
-0.436425 0.816021
-0.446421 0.803344
-0.447434 0.803112
-0.448098 0.802610
-0.448411 0.801839
-0.448372 0.800800
-0.458032 0.787865
-0.459039 0.787607
-0.459689 0.787088
-0.459982 0.786309
-0.459915 0.785271
-0.469234 0.772088
-0.470234 0.771804
-0.470870 0.771268
-0.471142 0.770481
-0.471049 0.769446
-0.480019 0.756023
-0.481011 0.755713
-0.481633 0.755160
-0.481884 0.754367
-0.481764 0.753334
-0.490380 0.739681
-0.491363 0.739345
-0.491971 0.738777
-0.492201 0.737977
-0.492054 0.736948
-0.500309 0.723074
-0.501283 0.722712
-0.501876 0.722128
-0.502085 0.721322
-0.501911 0.720297
-0.509800 0.706212
-0.510765 0.705825
-0.511342 0.705226
-0.511530 0.704415
-0.511329 0.703395
-0.518847 0.689108
-0.519801 0.688696
-0.520362 0.688081
-0.520529 0.687266
-0.520301 0.686252
-0.527443 0.671773
-0.528386 0.671336
-0.528931 0.670707
-0.529076 0.669887
-0.528822 0.668879
-0.535582 0.654218
-0.536513 0.653757
-0.537041 0.653114
-0.537166 0.652291
-0.536885 0.651290
-0.543259 0.636457
-0.544178 0.635972
-0.544689 0.635315
-0.544791 0.634489
-0.544485 0.633495
-0.550468 0.618501
-0.551374 0.617991
-0.551868 0.617321
-0.551949 0.616493
-0.551616 0.615508
-0.557205 0.600362
-0.558097 0.599829
-0.558573 0.599146
-0.558632 0.598316
-0.558274 0.597340
-0.563464 0.582053
-0.564342 0.581497
-0.564800 0.580802
-0.564838 0.579971
-0.564454 0.579004
-0.569243 0.563587
-0.570106 0.563008
-0.570545 0.562301
-0.570561 0.561469
-0.570152 0.560513
-0.574535 0.544975
-0.575383 0.544374
-0.575804 0.543656
-0.575798 0.542824
-0.575364 0.541879
-0.579339 0.526232
-0.580171 0.525608
-0.580573 0.524880
-0.580545 0.524048
-0.580086 0.523115
-0.583651 0.507369
-0.584466 0.506724
-0.584849 0.505985
-0.584799 0.505154
-0.584316 0.504233
-0.587467 0.488399
-0.588265 0.487733
-0.588628 0.486985
-0.588557 0.486155
-0.588050 0.485248
-0.590785 0.469337
-0.591565 0.468650
-0.591909 0.467892
-0.591816 0.467065
-0.591286 0.466171
-0.593603 0.450194
-0.594365 0.449487
-0.594689 0.448720
-0.594575 0.447896
-0.594021 0.447016
-0.595920 0.430983
-0.596663 0.430257
-0.596967 0.429482
-0.596830 0.428661
-0.596254 0.427796
-0.597732 0.411719
-0.598456 0.410973
-0.598739 0.410191
-0.598582 0.409374
-0.597983 0.408523
-0.599040 0.392414
-0.599744 0.391650
-0.600007 0.390860
-0.599828 0.390047
-0.599207 0.389213
-0.599842 0.373081
-0.600526 0.372299
-0.600767 0.371502
-0.600567 0.370694
-0.600137 0.353734
-0.600800 0.352934
-0.601021 0.352132
-0.598842 0.335211
-0.599926 0.334386
-0.600568 0.333569
-0.598147 0.315903
-0.599208 0.315050
-0.596946 0.296620
-0.593786 0.278322
-0.589736 0.260201
-0.584805 0.242299
-0.579006 0.224659
-0.572352 0.207324
-0.564860 0.190334
-0.556546 0.173731
-0.547431 0.157554
-0.537536 0.141841
-0.526886 0.126630
-0.515506 0.111958
-0.503422 0.097859
-0.490665 0.084368
-0.484397 0.087743
-0.477748 0.091252
-0.463777 0.079021
-0.456474 0.082982
-0.448804 0.087076
-0.433744 0.076214
-0.425468 0.080783
-0.416840 0.085483
-0.400825 0.076087
-0.391641 0.081281
-0.374995 0.073053
-0.365295 0.078755
-0.348104 0.071739
-0.337930 0.077961
-0.320280 0.072191
-0.309675 0.078942
-0.291658 0.074449
-0.280665 0.081734
-0.276141 0.099921
-0.270686 0.117783
-0.264319 0.135272
-0.251695 0.142043
-0.244005 0.158852
-0.230700 0.165432
-0.212316 0.162815
-0.203369 0.178779
-0.193607 0.194188
-0.183062 0.209002
-0.164592 0.207093
-0.146051 0.206088
-0.149776 0.213599
-0.138127 0.227346
-0.141298 0.234643
-0.144277 0.242020
-0.147062 0.249472
-0.133729 0.261518
-0.136007 0.268687
-0.121782 0.279586
-0.107019 0.289662
-0.108570 0.296122
-0.109951 0.302622
-0.111161 0.309155
-0.112200 0.315717
-0.113067 0.322305
-0.113761 0.328913
-0.114282 0.335536
-0.114629 0.342172
-0.114803 0.348814
-0.114803 0.355458
-0.114628 0.362100
-0.114280 0.368735
-0.113758 0.375359
-0.113064 0.381966
-0.112196 0.388554
-0.111156 0.395116
-0.109945 0.401649
-0.108563 0.408148
-0.107012 0.414609
-0.105292 0.421026
-0.103405 0.427397
-0.101351 0.433716
-0.099133 0.439979
-0.096751 0.446182
-0.094209 0.452320
-0.091506 0.458390
-0.088645 0.464387
-0.085628 0.470306
-0.082458 0.476145
-0.079135 0.481899
-0.075663 0.487564
-0.072044 0.493136
-0.068281 0.498612
-0.064375 0.503987
-0.060330 0.509258
-0.056148 0.514421
-0.051833 0.519473
-0.047387 0.524411
-0.042813 0.529230
-0.038114 0.533928
-0.033295 0.538501
-0.028357 0.542947
-0.023304 0.547262
-0.018140 0.551443
-0.012869 0.555487
-0.007493 0.559393
-0.002018 0.563156
0.003555 0.566774
0.009220 0.570245
0.014975 0.573567
0.020814 0.576737
0.026734 0.579753
0.032731 0.582613
0.038801 0.585316
0.044940 0.587858
0.051143 0.590239
0.057406 0.592456
0.063725 0.594509
0.070082 0.596374
0.076499 0.598094
0.082959 0.599645
0.085235 0.617374
0.092196 0.618689
0.099190 0.619823
0.106212 0.620772
0.113255 0.621538
0.120317 0.622119
0.127391 0.622515
0.134473 0.622725
0.141558 0.622750
0.148641 0.622590
0.155718 0.622244
0.162783 0.621713
0.169832 0.620998
0.176860 0.620098
0.183862 0.619014
0.190833 0.617748
0.197768 0.616299
0.201438 0.598097
0.207855 0.596378
0.214226 0.594491
0.220544 0.592438
0.226807 0.590220
0.233010 0.587840
0.239148 0.585297
0.245217 0.582595
0.251214 0.579735
0.257134 0.576719
0.262972 0.573549
0.268726 0.570227
0.274391 0.566756
0.279963 0.563138
0.285439 0.559375
0.290814 0.555470
0.296085 0.551425
0.301248 0.547244
0.306300 0.542930
0.311238 0.538484
0.316057 0.533911
0.320755 0.529213
0.325328 0.524394
0.329774 0.519457
0.334089 0.514405
0.338270 0.509242
0.342315 0.503971
0.346220 0.498596
0.349983 0.493121
0.353602 0.487549
0.357073 0.481884
0.360395 0.476131
0.363566 0.470292
0.366582 0.464372
0.369442 0.458376
0.372145 0.452306
0.374687 0.446168
0.377069 0.439966
0.379286 0.433703
0.381340 0.427385
0.383227 0.421014
0.384946 0.414597
0.386497 0.408137
0.387879 0.401638
0.389090 0.395106
0.390129 0.388544
0.390997 0.381957
0.391691 0.375349
0.392213 0.368726
0.392561 0.362091
0.392735 0.355450
0.392735 0.348806
0.392561 0.342165
0.392213 0.335530
0.391692 0.328907
0.390998 0.322299
0.390131 0.315712
0.389092 0.309150
0.387881 0.302617
0.386500 0.296119
0.384949 0.289658
0.383230 0.283241
0.381343 0.276871
0.379290 0.270552
0.377073 0.264289
0.374692 0.258087
0.372150 0.251949
0.369447 0.245879
0.366587 0.239882
0.363571 0.233963
0.360401 0.228124
0.357079 0.222370
0.353608 0.216705
0.349990 0.211133
0.346227 0.205658
0.342322 0.200283
0.338277 0.195012
0.334096 0.189848
0.329782 0.184796
0.325336 0.179859
